,name,atoms,charge,error
0,00N,70,0,5.768547362931066
1,010 ALA,38,0,2.24863655967549
2,015,45,0,1.3362875300237242
3,03G,47,0,1.7840515885620132
4,05H,72,0,6.535255517505478
5,06S,74,0,12.371233991947115
6,08G,40,0,2.7617247358776997
7,093,40,0,3.815566350072509
8,0AW,46,0,2.817759255296793
9,0BA,76,0,3.7420526724984584
10,0E7,78,0,5.5494746977439116
11,0JO ALA,56,0,2.592851548992783
12,0ME,46,0,1.838434450513321
13,0QI,48,0,2.9642971059135257
14,0SA,78,0,6.011507891017795
15,0T9,75,0,5.973679666428668
16,0V6,42,0,2.208942977887879
17,0Z3,70,1,12.439415346308184
18,144 GLU,47,0,7.835401707407841
19,147 TRP,72,0,3.031897774920152
20,152 TYR,60,1,8.825209903918424
21,16D ASP,48,-1,10.811857689733086
22,16H,75,0,4.051597207220604
23,173 TYR,50,0,621.8335674289931
24,19T,44,0,3.1944988711525286
25,1BI,74,0,3.997731746795762
26,1CY VAL,59,0,3.327888414868519
27,1DX,78,0,5.809297646063755
28,1F1 SER,42,0,1.867885488546906
29,1GF,77,0,5.791873076366351
30,1GP SER,42,0,352.5335671852485
31,1GR,42,0,1.5314488766620342
32,1OO,45,0,2.8250513571350084
33,1PC,43,0,2.5631291139547505
34,1R3,79,0,67.04588766037381
35,20K,42,0,2.243711782454516
36,22H,46,0,4.725694039641368
37,26F,70,0,3.4947441710983793
38,2A8,42,0,1.6308567729456829
39,2CS,76,0,6.415196887436387
40,2F8 GLU,60,-1,6.040260048047963
41,2FA THR,58,0,3.0440034950876402
42,2G5,47,0,5.67977039128972
43,2IL,80,0,3.588652837956033
44,2MG,41,0,5.4983204156450585
45,2UW,42,0,1.9876711411295724
46,308 ALA,50,0,44.38467072749247
47,34G,75,0,5.6082658946170545
48,35S,70,0,3.3814893255889023
49,37J,46,0,2.2777225224816195
50,388 CYS,59,0,8.34092099274106
51,389,70,0,2.5423287878700647
52,3AA,75,1,30.701139587549065
53,3D1 THR,57,0,2.187365194948345
54,3E4,74,0,9.09276801390402
55,3EN,73,0,4.189304309009943
56,3FT,44,0,1.8313382528750581
57,3HA VAL,46,0,796.3171842102076
58,3HB ILE,47,0,231.5324075178624
59,3JQ,71,0,671.0245999605842
60,3JX,70,0,2.7850595098438338
61,3KM,70,0,4.702148727341248
62,3P2,50,0,2.2188100696847766
63,3PG THR,44,0,1.9579539418773493
64,3PL TYR,53,0,2.8490922634204456
65,3QN,48,0,4.7634527065171115
66,3X9,41,0,2.2144155300839987
67,40B,46,0,4.956100991872275
68,419,80,0,5.954219117850557
69,42C ASN,47,0,1.510189240417094
70,42J MET,49,0,1.2166957219931647
71,44F,43,0,1.4335722878470227
72,4BO,41,0,1.7566334945565258
73,4C9,72,0,3.265081983527731
74,4CS PHE,52,0,1.4959717732859847
75,4GE,42,0,2.263790550121808
76,4HP TYR,52,0,2.3425427432699912
77,4LB,42,0,1.6021626267017888
78,4LY,71,0,5.479468705524374
79,4MU PHE,53,0,3.024267600637136
80,4NC PHE,48,0,271.0173192816249
81,4PT,79,0,13.478724181819498
82,4RD,45,0,2.891422468874387
83,4TH,74,0,4.012205824554096
84,4ZZ,44,0,3.7645687447442873
85,51G,76,0,6.926820466472418
86,525,75,0,4.422404728059579
87,58G,40,0,1.3975502272134084
88,593,49,0,1.2669775923957383
89,5AF,73,0,3.2675558958510615
90,5CQ,43,0,1.663159102867131
91,5E9,71,0,5.015488413782441
92,5EG,44,0,4.445757844557698
93,5H2,48,0,2.108821138048693
94,5ID ILE,64,0,3.509339948402582
95,5MJ,45,0,1.6939353672699426
96,5O3,48,0,2.2543491130279207
97,5RQ,71,0,3.8034892693761018
98,62S,77,0,11.341587978696852
99,63G,45,0,5.760423243871547
100,63Q,77,0,6.831390018386365
101,65P,71,0,2.4023254227635333
102,67A,42,0,2.4165859075314073
103,6A5,47,0,4.214228571411836
104,6BU,48,0,5.968515017094857
105,6CM,75,0,2.724108707095406
106,6EK,80,0,7.654731097135421
107,6GD,47,0,1.798340060043928
108,6GG,80,0,7.111310225730348
109,6KV,48,0,2.044403686948984
110,6NT GLN,45,0,0.6857667212317917
111,6QM,42,0,1.4075392651264944
112,6S9,45,0,1.720351300625124
113,6TD,41,0,1.7654605594500026
114,6UF,42,0,3.173790532992118
115,6W4,74,0,3.446360109964735
116,6X5,70,0,3.9308401280470004
117,6ZH,43,1,27.62594261352165
118,704,41,0,2.2154484818864955
119,783,46,0,10.049566715489426
120,79C,74,0,4.007589536011882
121,7BK,44,0,1.855686110909058
122,7CQ,44,0,139.12969012459354
123,7D9,71,0,8.996765463764717
124,7GM,42,0,2.006780537060048
125,7HR,77,0,7.335432800864671
126,7LK,43,0,1.5548432795077032
127,7OU,40,0,3.219280653790823
128,7TS ALA,58,0,2.4826223969263084
129,7UI,48,0,3.232131910131688
130,7VI,74,0,3.005391885863759
131,7VZ,40,0,2.0020200467667664
132,7XU,70,0,2.5368950546588165
133,7Y2,76,0,2.5366748850535563
134,7YN,50,0,3.3216460631760936
135,800,76,0,3.938456034252724
136,82O,74,0,4.735171874471497
137,891,47,0,1.9212718968183455
138,8BM,70,0,3.5467376308520517
139,8G7,48,0,2.6953836948841245
140,8KP,43,0,3.432412370941731
141,8Q4,48,0,2.770906220397107
142,8QI,47,0,4.313415955214198
143,8Y8,50,0,2.752678186762245
144,90X,75,0,6.973236489371468
145,91N,42,0,4.403432811481778
146,96L,80,0,3.401725532726495
147,988,41,0,1.4902801492060664
148,99C,40,0,7.173988829505914
149,9HR,70,0,3.237197891281782
150,9KR,70,0,3.0819518085049316
151,9L2,41,0,2.427305284933229
152,9LL,41,0,3.002708061457977
153,9MX,79,0,5.205268675728844
154,9NK,42,0,3.155724664843405
155,9RI,44,0,2.450596375387411
156,9TR,42,0,3.265137208022659
157,9TY VAL,43,0,1.8716057259464933
158,A3G,40,0,3.4304047824152804
159,ABN ALA,39,0,169.17546677154468
160,AC2 TYR,60,0,4.733014313389382
161,ACH THR,52,1,10.020509463872116
162,ADK PHE,50,0,1.8503113619305724
163,ADN HIS,62,1,166.71888150313654
164,AE0,73,0,3.7424343890963225
165,AE3 ASP,47,-1,7.609414346316124
166,AGI LEU,61,0,2.1000679205029478
167,AGJ,44,0,2.3223821774043447
168,AGS,47,0,5.259097649919083
169,AIR SER,56,0,3.7132387685034094
170,AKJ,42,0,2.230312176121192
171,ALA-ASN-GLN-GLN-VAL,86,0,4.079321654687293
172,ALA-GLN-ALA-GLN-CYS,77,0,5.58511733465089
173,ALA-GLY-ILE-SER-THR,73,0,6.356408542229797
174,ALA-PRO-ILE-TRP-SER,90,0,4.699860622273344
175,ALA-SER-VAL-HIS-ASP,78,-1,4.811252647480837
176,ALA-THR-LEU-ASN-TYR,90,0,4.955803495250034
177,ARG-ALA-TRP-PRO-ILE,103,1,9.266484430577192
178,ARG-ALA-VAL-THR-GLU,91,0,5.467700858934485
179,ARG-CYS-ILE-TRP-GLU,105,0,5.524342841756233
180,ARG-MET-PHE-ASP-TYR,106,0,7.431177450882064
181,ARG-THR-ASN-SER-THR,89,1,7.5951810682805245
182,ASN-ASN-HIS-PHE-PHE,97,0,5.868737128198781
183,ASN-GLN-ARG-SER-ILE,97,1,5.489094876860974
184,ASN-HIS-ASP-HIS-CYS,83,-1,9.512855852129482
185,ASN-HIS-ILE-SER-ASN,87,0,5.011177216485279
186,ASN-HIS-PHE-PHE-ALA,93,0,3.417143644216412
187,ASN-HIS-TRP-PHE-GLN,104,0,6.700500432876288
188,ASN-ILE-ASP-PRO-ALA,81,-1,4.677737184199699
189,ASN-LYS-GLU-LEU-MET,99,0,7.063865144689529
190,ASN-MET-MET-ALA-LEU,89,0,5.991352302375728
191,ASN-VAL-TRP-ALA-ASN,90,0,3.8907174805969893
192,ASO GLU,50,-1,289.12058731424025
193,ASP-ALA-PHE-ASP-VAL,82,-2,8.797234172321785
194,ASP-ALA-TRP-VAL-HIS,91,-1,6.547249459467033
195,ASP-LEU-HIS-GLU-ARG,99,-1,10.037408938687522
196,ASP-LEU-TYR-THR-GLN,95,-1,9.565196043858466
197,ASP-MET-LEU-CYS-VAL,87,-1,8.047510828007782
198,ASP-MET-THR-CYS-ASN,80,-1,9.860170041294218
199,ASP-MET-TRP-PRO-GLN,96,-1,4.710997311078083
200,ASP-PRO-GLN-ILE-THR,88,-1,8.988046206395342
201,ASP-PRO-LEU-ILE-LEU,95,-1,5.63484962640812
202,ASP-SER-GLU-ASP-ASP,74,-4,21.62661691045764
203,ASP-TRP-GLN-ASN-GLY,86,-1,9.281411461147298
204,ASP-TYR-ALA-GLN-HIS,89,-1,6.288924959266054
205,ASP-VAL-GLY-ALA-GLN,74,-1,11.414414339830142
206,ASP-VAL-ILE-SER-HIS,87,-1,9.210553642601493
207,AT3 GLY,45,1,9.46375071081784
208,AVJ TRP,66,1,310.5297494859424
209,AWN,46,0,2.8813579253967165
210,AX7 PHE,49,0,3.6179977863368147
211,AXF,76,0,5.132434293532262
212,AZM GLN,48,0,677.5338623389106
213,B0B,71,0,2.8908662341407356
214,B0Z,42,0,2.8004165341928053
215,B8Q,40,0,5.171459908451895
216,BA7,71,0,13.032595700517009
217,BEN ASN,43,0,1.3899490487478032
218,BET TYR,53,1,7.068249346637458
219,BEZ VAL,43,0,0.9191107892386046
220,BHO TYR,50,0,2.136922836867355
221,BM3 ASN,56,0,3.3538433389468185
222,BNL MET,51,0,1.5590845904115769
223,BPY LEU,55,0,2.238091186394821
224,BT2,76,0,4.8898824673621375
225,BU3 TYR,49,0,505.04806654678737
226,BZI PHE,47,0,1.9383360297393262
227,C10,75,0,4.217421453505327
228,C12,40,-1,15.280138919406372
229,C36,40,0,4.139450453913095
230,C4D,72,0,10.706560900661446
231,C5V,49,0,2.560356984394942
232,CAM THR,53,0,0.7266543356589359
233,CBE HIS,59,1,6.739406614103629
234,CDP,40,0,5.670973982848873
235,CG5,80,0,6.106539983584824
236,CHT HIS,51,2,361.49450134409693
237,CIT GLY,40,0,2.6644576244248634
238,CIY MET,52,0,2.2753064608270104
239,CL8,43,0,3.4721846248628734
240,CLM PRO,58,0,2.4809925876185943
241,CMP CYS,57,0,4.072082431449396
242,CN4,72,0,5.304973888511126
243,CNS,74,0,1.7623875905381283
244,COU PHE,49,0,2.316536041557588
245,CP6 LEU,61,0,1.8139808956961334
246,CS2 GLU,52,-1,180.53538644158397
247,CTN PHE,62,0,5.126294425342349
248,CTS GLU,55,-1,5.9854304112219125
249,CXS TYR,66,0,2.496778115614709
250,CY3 GLY,34,0,3.204692230319092
251,CYH PHE,49,0,0.7302280580991162
252,CYS-ARG-TRP-HIS-LEU,107,1,7.4052836856787
253,CYS-ASP-ILE-ALA-GLU,79,-2,15.195384433446291
254,CYS-GLU-CYS-VAL-LEU,84,-1,7.397444700827569
255,CYS-GLY-ALA-VAL-ASP,68,-1,3.5549429923093054
256,CYS-GLY-LEU-PHE-ASN,83,0,4.74202051990368
257,CYS-HIS-THR-ASN-HIS,85,0,2.5278111094015507
258,CYS-ILE-TRP-LYS-ALA,98,1,5.365306970495052
259,CYS-MET-CYS-GLN-TYR,89,0,5.867447212901284
260,CYS-PRO-SER-TYR-THR,83,0,6.477856356080964
261,CYS-SER-VAL-THR-TRP,88,0,4.557747886512112
262,CYS-TRP-TRP-GLU-CYS,97,-1,8.269711353475415
263,CYS-TYR-SER-ILE-CYS,85,0,5.245131567521861
264,D03,78,0,4.48314497502401
265,D10 ALA,54,0,1.1564298826488892
266,D1D THR,42,0,3.2214103754625993
267,DCX,41,0,0.7527236930698564
268,DDS,45,0,16.396022328416198
269,DEP TYR,52,0,2.4958609596146237
270,DFP HIS,55,1,9.727904292463952
271,DGJ ASN,50,0,2.304054045713888
272,DGL THR,45,0,2.5258014941359255
273,DHB LEU,48,0,1.496595202979208
274,DHY PRO,46,0,1.073849705372979
275,DIF TYR,63,0,2.7869690301104533
276,DIH SER,59,1,5.480977302890096
277,DKA ALA,54,0,0.8897702112895786
278,DMJ ARG,60,1,8.102631030179731
279,DMU,75,0,3.6512223906853047
280,DNF ALA,39,0,2.8392932037623217
281,DQJ,43,0,1.047823954711445
282,DQV,72,0,16.53629706360096
283,DQY HIS,50,1,21.50021589822548
284,DRY,70,0,3.2480024238715286
285,DSU,74,0,6.659034229856965
286,DSV,41,0,2.604916488252234
287,DT4,50,0,3.311776741510726
288,DTB ARG,69,1,9.099555139262277
289,DTD TYR,49,0,4.008199169008084
290,DTU TYR,51,0,3.2743246098735352
291,DUR THR,54,0,2.6083971919085243
292,DUT,43,0,10.551242300383617
293,DVM,73,0,7.777660668394997
294,DX0,74,0,6.300774195760378
295,DXE TYR,49,0,161.30400342573654
296,DXP THR,50,0,3.3406984850271124
297,DYU,50,0,3.9903573648323394
298,E10,76,0,3.562760519968449
299,E2M,71,0,6.9497501186268185
300,E2Q TYR,64,0,647.7078318692252
301,E5A,80,0,5.843272238412141
302,E7G,46,0,10.861254989368657
303,EAA VAL,59,0,1.1789951506068368
304,EE4,71,0,3.601060670657737
305,EEG,71,0,3.1750904438137595
306,EF2 VAL,57,0,3.096373466292102
307,EJR,45,0,2.961801386283979
308,EK8,76,0,4.416489043739178
309,EN7,74,0,3.778038773705662
310,EPB,76,0,4.873870356782734
311,EPE ARG,69,1,8.497276257079971
312,ETB,80,0,16.638694737215054
313,ETM CYS,44,1,7.597036127025462
314,EUW,70,0,4.855083231807819
315,EZF,70,0,4.1936675127647405
316,F05 GLY,37,0,1.4547575980527552
317,F09 ALA,52,0,1.2489538553417434
318,F2D,46,0,1.0199783488020735
319,F4Q,42,0,6.8592876051289045
320,F6F ILE,63,0,3.1932416332065054
321,F6M,77,0,5.182245416980651
322,F6P ASP,53,-1,198.34027923614047
323,F72,76,0,6.670427483758572
324,F8J,78,0,5.175275008265777
325,FBP THR,60,0,4.875477468108147
326,FER ALA,46,0,2.301689624920578
327,FG6,46,0,1.7520116246210011
328,FGO,71,0,9.346350231943669
329,FGY,73,0,5.419921880419942
330,FL7,50,0,2.988385120009237
331,FQ8,75,0,114.9500583691866
332,FUO,74,0,4.202086067379504
333,FZE,75,0,3.2599922751367556
334,G2L,48,0,3.640173632660137
335,G49,40,0,4.287145503826953
336,G4N,79,0,3.495511565272884
337,G6P ARG,65,1,22.348718484809798
338,G6Q ARG,65,1,8.699258094397212
339,GAB ALA,39,0,226.9316286091204
340,GAD HIS,49,1,4.568158653889582
341,GCO PRO,51,0,2.5844968967723414
342,GDE PHE,50,0,1.384568368261211
343,GDL TYR,61,0,2.9562830226624404
344,GIM ASN,53,1,5.578220962127186
345,GLN-ASN-HIS-SER-ASN,85,0,5.422016445495764
346,GLN-ASP-CYS-TYR-ARG,97,0,5.218238962793354
347,GLN-CYS-ILE-PRO-GLN,90,0,5.9867959694503545
348,GLN-GLN-ILE-CYS-CYS,87,0,3.9722532706139546
349,GLN-GLN-TYR-GLU-ILE,101,-1,6.953267362776064
350,GLN-GLU-SER-CYS-LYS,88,0,6.874129931003618
351,GLN-HIS-VAL-HIS-ASN,93,0,2.7657931883193667
352,GLN-LEU-HIS-SER-VAL,92,0,4.1856859019368935
353,GLN-LYS-ALA-GLN-LEU,97,1,8.387030052910267
354,GLN-SER-ALA-LEU-LYS,91,1,5.320292304381858
355,GLN-SER-GLU-GLY-PHE,82,-1,9.885106549921328
356,GLN-SER-LEU-MET-TRP,100,0,2.309866217766507
357,GLU-ALA-PRO-GLU-ASP,78,-3,18.755354388018734
358,GLU-ASP-GLY-GLU-GLU,76,-4,24.511467757203597
359,GLU-CYS-ALA-HIS-LYS,87,0,6.2998921455994905
360,GLU-CYS-ASP-PHE-ASP,82,-3,18.632722342228064
361,GLU-GLU-ARG-PHE-VAL,102,-1,9.963858983265204
362,GLU-LYS-CYS-ILE-ALA,89,0,8.103216908665814
363,GLU-PRO-PRO-PHE-PHE,95,-1,8.952106726470165
364,GLU-THR-LYS-SER-LEU,93,0,6.170389532380472
365,GLU-TRP-THR-ASN-ASP,91,-2,12.055405956485062
366,GLY-ALA-GLU-LEU-PHE,83,-1,4.5377755073793296
367,GLY-ARG-ASP-CYS-SER,77,0,3.7295687377196574
368,GLY-ASP-ALA-ARG-TYR,86,0,8.446017997777865
369,GLY-CYS-ARG-TRP-TRP,102,1,7.801229431320906
370,GLY-GLU-ASN-TRP-ASP,84,-2,11.85270107655524
371,GLY-ILE-CYS-SER-PRO,74,0,5.119123599376972
372,GLY-PHE-THR-PRO-ARG,91,1,5.055489211551483
373,GLY-THR-ASP-ALA-HIS,72,-1,8.53891471545794
374,GLY-THR-VAL-VAL-SER,76,0,3.035795444854173
375,GLY-TRP-TYR-ALA-ARG,98,1,6.627366180876723
376,GMX,41,0,5.292231893672983
377,GN1 GLY,54,0,22.041249611520875
378,GUM,75,0,4.402026417924369
379,GUN ALA,38,0,2.818859737558766
380,GVE LEU,50,0,1.7917866382568415
381,GW5,49,0,2.202373794065675
382,GYP ALA,49,0,2.4286879486653357
383,GZ5,73,0,3.8687165050251577
384,H08,45,0,1.0620741278932353
385,H1I,71,0,3.3610863076571453
386,H2B TRP,66,0,3.8871058927454416
387,H4B ALA,54,0,2.9109103838083685
388,H6P VAL,55,0,4.319555652008825
389,H8H,70,0,3.1407851174146346
390,HBI ARG,66,1,8.608804605404616
391,HC3,75,0,2.4255699413809957
392,HEK,75,0,6.256949541529725
393,HEZ TRP,58,0,2.4277233900870163
394,HG8,76,0,5.840572339395941
395,HH2 SER,54,0,30.680920215088232
396,HHR ASP,45,-1,18.52633375241623
397,HIS-ALA-CYS-TYR-TYR,92,0,4.863072233812192
398,HIS-ARG-GLU-HIS-LYS,107,1,7.268002448307622
399,HIS-ARG-GLY-PRO-PHE,94,1,6.818232629274684
400,HIS-ASP-ASP-ALA-PHE,83,-2,12.722182746143599
401,HIS-GLU-VAL-LEU-PRO,93,-1,9.073801316098251
402,HIS-HIS-GLN-ASP-ALA,85,-1,4.891693224522331
403,HIS-ILE-ALA-CYS-THR,83,0,3.3544894509646435
404,HIS-PHE-LYS-PRO-ASN,99,1,11.370519241787163
405,HIS-PRO-ILE-MET-GLU,94,-1,4.958138198373005
406,HIS-PRO-LEU-GLU-TRP,101,-1,16.979385684043518
407,HIS-SER-ASN-GLN-CYS,82,0,5.917841233506786
408,HIS-SER-ILE-VAL-PHE,95,0,2.907825284557152
409,HIS-SER-SER-HIS-ARG,92,1,7.4782815071159146
410,HJF,48,0,2.6947210140972553
411,HLW,44,0,2.564660945390804
412,HMT,78,0,4.419704677892797
413,HP6 LEU,54,0,598.1057286347208
414,HR5 LEU,63,0,2.9666401438706895
415,HSM LEU,48,0,1.7422170729719153
416,HSO GLY,41,1,67.8872514457467
417,HSX ALA,47,0,5.168324499694346
418,HTO HIS,56,1,10.307367132467334
419,HUR,74,0,6.052701683511906
420,HWE,80,0,4.078201374637137
421,HY0,73,0,5.986131498517029
422,HY1 TYR,50,0,1.5235045571264183
423,I22 GLY,52,0,2.4701258773041546
424,IAC PHE,54,0,494.19262595238325
425,IBM GLY,49,0,0.925542412613221
426,ICB ALA,41,0,0.9797817205020692
427,IES,80,0,5.522081856676798
428,IFM GLU,50,-1,7.0081431111987005
429,IGP ALA,55,0,4.25197543109599
430,IH3,76,0,5.202304463964699
431,IHD,50,0,1.1436925092547123
432,IHL,44,0,2.018090687348336
433,IJ7,47,0,2.1464591868405276
434,ILE-ALA-TYR-ALA-GLY,79,0,1.9403500538773693
435,ILE-ILE-LYS-MET-ASN,103,1,9.502076375678653
436,ILE-LYS-PHE-LEU-ASN,106,1,9.161951842028873
437,ILE-MET-CYS-MET-LEU,95,0,3.6858299062205737
438,ILE-PHE-PRO-HIS-MET,99,0,5.212528720779745
439,ILE-SER-GLN-VAL-LEU,94,0,4.338624235512139
440,ILE-SER-TRP-HIS-LEU,102,0,5.519013121237286
441,ILE-THR-GLU-ASN-GLN,91,-1,7.753919883054914
442,ILE-TRP-PRO-SER-ALA,90,0,6.058171730585067
443,ILE-VAL-LYS-ASP-LEU,100,0,8.2994602810011
444,IMH ASP,57,-1,12.351961557893164
445,IMI TRP,69,0,615.1166987763504
446,IND PHE,48,0,425.61396423877443
447,INE VAL,45,0,3.9025611442438577
448,INI TRP,71,0,5.474536256829015
449,INS HIS,54,1,6.892957466798625
450,IOP ARG,61,1,350.5829763792355
451,IPT PHE,65,0,4.124712823362885
452,ISC ALA,48,0,81.88831576437175
453,ISZ PHE,47,0,2.3735042944296665
454,ITN SER,38,0,1.5623188895495939
455,J10,44,0,2.202981664411588
456,J1C,80,0,6.782773557658462
457,J1F,80,0,9.152914094888871
458,J1K TRP,62,0,3.20257247079167
459,J2B,74,0,13.915775900142195
460,J3C,42,0,2.049503764383149
461,J75,47,0,2.6772092987797804
462,J7I,78,0,5.0489593971195665
463,J8C,72,0,5.185432491580529
464,JAY,77,0,4.767627282244859
465,JBL,43,0,2.2471401156839015
466,JCM,75,0,3.085285002791756
467,JE6,50,0,1.755727644131548
468,JHJ LEU,62,0,3.624873795893816
469,JOV GLU,56,-1,593.8967880470232
470,JRH,74,0,9.118629402342048
471,JUV,40,0,3.289958400992489
472,JYH,45,0,0.792478999078028
473,JZ3 TYR,50,0,2.580686096788526
474,K3B,50,0,5.5441912608565564
475,KAI ALA,52,0,1.4382123606479178
476,KDG GLY,41,0,3.15118869163214
477,KDT,45,0,4.752253077855372
478,KFC,49,0,1.9757116744759615
479,KJ8,70,0,3.6418827912315868
480,KK6,70,0,3.2280359705775887
481,KMJ,49,0,1.92310408515542
482,KMM,49,0,1.741925413080834
483,KMP PHE,63,0,3.7602710331047193
484,KMT PHE,49,0,2.5932936667122704
485,KNA LEU,60,0,1.6864870189247692
486,KYN SER,50,0,3.161826899391195
487,KZZ,72,0,4.930012243901082
488,L18,48,0,1.5662064412966072
489,L6J,40,0,1.323975494153597
490,LA1,76,0,6.932289340141546
491,LAW,79,0,10.315784312181576
492,LB8,72,0,3.1122454472059164
493,LDP LEU,53,0,1.3009827160094574
494,LEU-ALA-GLU-ARG-LYS,102,1,6.7497135934486225
495,LEU-ALA-MET-ASP-MET,87,-1,8.526447588246082
496,LEU-ARG-THR-CYS-ILE,99,1,7.336613583739543
497,LEU-ASP-ILE-GLN-LYS,101,0,7.593697569436821
498,LEU-CYS-HIS-ASN-ASP,85,-1,6.202555592216635
499,LEU-GLY-ASP-GLY-ILE,76,-1,5.21756307047415
500,LEU-ILE-SER-SER-GLU,87,-1,4.305973173908488
501,LEU-THR-GLU-CYS-TRP,95,-1,11.025524845906896
502,LGC MET,51,0,3.9222986719099735
503,LHY ARG,64,1,8.67980157640858
504,LLN,75,0,3.888407003243305
505,LNK LEU,48,0,1.043350207033897
506,LPD GLY,37,0,0.7915067064860422
507,LPW,47,0,2.5961692634189806
508,LSH,42,0,3.075341939548849
509,LUR TYR,66,0,3.9940957390451834
510,LX3,73,0,4.956533551289693
511,LX8,50,0,2.173285081396413
512,LXI,46,0,5.382738805468074
513,LYS-ASN-ILE-HIS-CYS,95,1,7.6470640444199995
514,LYS-CYS-ASP-PHE-PHE,97,0,6.784927132821273
515,LYS-CYS-SER-LEU-MET,92,1,8.512647022220417
516,LYS-GLU-SER-GLU-PRO,89,-1,8.542158372070277
517,LYS-HIS-GLY-PRO-HIS,89,1,7.837265565859141
518,LYS-LEU-ILE-CYS-SER,94,1,6.774626292263242
519,LYS-SER-PRO-HIS-ASP,88,0,5.200286811623341
520,LYS-THR-GLN-ILE-ASP,96,0,4.6889042739066
521,M1G,40,0,3.2304803626472776
522,M2D,73,0,5.714394307748767
523,M95,45,0,2.079552370886894
524,MB3 TYR,49,0,442.404463171558
525,MBG TYR,60,0,2.264648299944626
526,MBN LEU,46,0,0.754421815159569
527,MET-GLN-SER-HIS-TYR,95,0,2.6772481817863687
528,MET-GLY-PRO-SER-TRP,85,0,3.616001542877186
529,MET-GLY-THR-SER-THR,75,0,2.2970486130725476
530,MET-LEU-ALA-SER-VAL,85,0,3.7324646693195165
531,MET-THR-CYS-THR-ASN,82,0,4.902017793905624
532,MET-THR-GLN-SER-ASP,83,-1,12.372873464680096
533,MET-TYR-ALA-ILE-ARG,103,1,9.767302648106124
534,MET-VAL-PHE-VAL-LEU,100,0,3.745419221935865
535,MFU ASP,50,-1,9.219179903627486
536,MGL TRP,63,0,225.90866938407407
537,MHQ,72,0,2.165108965168717
538,MI6,74,0,8.346718790861713
539,MLT THR,41,0,1.7052865557738792
540,MMA ASN,53,0,2.6982955226956014
541,MNO,70,0,7.242683710658295
542,MPD LEU,53,0,907.6506054879513
543,MQU,41,0,1.142951755568841
544,MR2,46,0,2.730687887064899
545,MT9,76,0,5.373003826910604
546,MTA GLY,54,0,120.5828985481291
547,MUR GLY,53,0,2.8374816753110887
548,MVB,48,0,2.7140520828013703
549,MVL TRP,62,0,4.11857121360388
550,MXN PHE,49,0,2.0729968863508677
551,MYD,72,0,7.200005609295961
552,N0Q,70,0,6.18395916000817
553,N0S,77,0,3.9534706497199497
554,N2P TYR,54,0,1.5700647589340708
555,N4X,43,0,1.8249670458615583
556,N53,78,0,4.216311549934229
557,N5G,76,0,10.624037512458987
558,N8T,79,0,5.783216361137036
559,NAH,71,0,22.08658673735966
560,NBN PHE,47,0,2.3825150591296227
561,NCA SER,38,0,57.37068144495784
562,NCD TYR,53,0,266.5975443385615
563,NCL,79,0,3.4629629048902038
564,NCT VAL,54,0,3.348578225961521
565,NDS TYR,62,0,393.6092977170964
566,NFA THR,50,0,254.5745053228509
567,NGT PHE,59,0,2.8607833892020507
568,NIZ GLN,46,0,1.4293002135906945
569,NL3,42,0,4.8731705573874935
570,NOJ ASN,50,0,1.7330219330692975
571,NPO GLY,34,0,2.8260099360147755
572,NTZ GLY,43,0,1.9140497782679127
573,NVE,70,0,4.362612793367104
574,NXQ,42,-1,51.84399066507524
575,O8J,75,0,6.350481119969724
576,OAR TYR,60,0,2.548386419616064
577,OCT ILE,57,0,0.8217156561203107
578,OD1,41,0,2.48993425677828
579,OG5,75,0,8.557355970804444
580,OGA TYR,48,0,158.7567712020028
581,OGK,50,0,3.1513965214152346
582,ONL SER,44,0,0.9761174233587452
583,OOU,77,0,3.3213997508442845
584,OPE SER,39,0,3.4174175638384137
585,OXR,50,0,6.302298504122802
586,OXW,50,0,3.750596464551927
587,P30,72,0,2.9920462433493715
588,P4G ASP,53,-1,4.553177714411545
589,P7D,43,0,1.5178787494397612
590,P8Y,44,0,4.1693719612237246
591,P9R,79,1,76.24084171251582
592,PAB PHE,49,0,1.111075381106477
593,PAC TRP,54,0,2.7159831755050012
594,PAF ARG,57,0,4.470864260479074
595,PBU,72,0,12.401553960725707
596,PCG ILE,66,0,8.597630458043406
597,PCR LEU,47,0,1.1444334367841495
598,PDC ARG,53,1,13.345419024479149
599,PEA LEU,52,1,6.503341447678314
600,PFL TYR,64,0,4.5319126839132675
601,PFY,77,0,3.60130960350992
602,PG5 TRP,66,0,3.9552586380169186
603,PH2 GLU,50,-1,18.232907899796473
604,PHA SER,45,0,1.3084120824093084
605,PHE-ASP-ARG-GLU-CYS,94,-1,5.900162554990513
606,PHE-ASP-ASN-CYS-ALA,79,-1,7.093942399890511
607,PHE-GLN-ARG-ALA-THR,97,1,3.831891321993155
608,PHE-GLN-GLY-PHE-CYS,87,0,4.3437209771858765
609,PHE-GLN-ILE-HIS-ASP,97,-1,5.545497544055656
610,PHE-HIS-MET-GLY-PHE,93,0,6.730067450195525
611,PHE-ILE-ILE-HIS-VAL,103,0,3.751535145171349
612,PHE-PRO-GLU-THR-PRO,89,-1,4.367879203930271
613,PHE-SER-GLN-CYS-ASP,83,-1,7.157003350877655
614,PHE-SER-GLY-MET-ASN,81,0,5.3614864862262035
615,PHE-THR-LYS-THR-ILE,101,1,9.144003108436461
616,PHE-VAL-PHE-ASN-GLU,97,-1,6.460685522187527
617,PHL GLY,43,0,174.4644911926057
618,PHN PHE,54,0,1.3211679383869017
619,PP9,76,0,6.570927960121804
620,PRL TYR,60,0,4.1706235447318045
621,PRO-ALA-PRO-HIS-PRO,81,0,4.626311962341262
622,PRO-ARG-LEU-ALA-TYR,100,1,5.283721873011059
623,PRO-CYS-PRO-PRO-GLN,82,0,3.8543634502671518
624,PRO-CYS-SER-PHE-LYS,90,1,6.624651277533202
625,PRO-GLY-VAL-THR-TYR,84,0,4.76687969159571
626,PRO-HIS-GLU-ILE-GLY,84,-1,7.659641302296465
627,PRO-ILE-HIS-LEU-GLU,96,-1,6.232896609162304
628,PRO-MET-CYS-PRO-GLY,75,0,2.2386764808680812
629,PRO-PHE-HIS-ASN-LEU,96,0,3.036976707166953
630,PRO-PRO-GLU-VAL-TRP,95,-1,7.029880108102872
631,PRO-SER-PRO-MET-CYS,79,0,6.677407106401128
632,PRO-THR-ILE-TYR-PHE,100,0,4.683788185349355
633,PRO-TYR-ARG-ASP-ASP,95,-1,6.579777489785273
634,PRO-TYR-SER-LEU-SER,88,0,3.4548162999305836
635,PXG,42,0,4.572334461180435
636,PZ2,41,0,1.154553291444285
637,PZY,76,0,4.778502794763416
638,Q1V,74,1,35.30197416550929
639,QB3,43,0,1.8023752377623976
640,QB5,50,0,2.1188775085487577
641,QDY,80,0,7.433328337705623
642,QHR,77,0,6.118605165162363
643,QLR,50,0,1.7765892031454618
644,QN2,70,0,7.024092818216499
645,QNO,46,0,1.9947067919410377
646,QQ1,50,0,3.826237712096109
647,QQH,48,1,9.412932149678333
648,QSA,46,1,9.735482165245937
649,QTB,47,0,4.556013746748229
650,QWJ,50,0,5.558555671616064
651,QWT,78,0,5.193657476305574
652,R5X,43,0,1.7388221085735294
653,R7K,40,0,2.8046920728932796
654,RD0,71,0,2.8868783476848168
655,RFT,47,0,5.296387854363517
656,RID,78,0,5.507102641758845
657,RK2,49,0,2.658100615078325
658,RMB,40,0,5.177869735068169
659,RMS,47,0,3.2971480203102046
660,RPF,76,0,3.8086797185693286
661,RS1,48,0,2.4110607577805543
662,RS9,44,0,2.8375123391183377
663,RTH,43,0,1.1630192505067194
664,RV2,40,0,1.0940621837848286
665,S1X,47,0,2.775609082146305
666,S49,72,0,5.363000378559647
667,S4T,70,0,3.3570332614685565
668,S6T,47,0,2.6486229980663563
669,SCK,50,2,12.858324958665778
670,SCR,77,0,8.770163612398028
671,SER-ALA-ALA-THR-SER,68,0,4.094454171657465
672,SER-ALA-SER-CYS-ARG,79,1,7.925055146493186
673,SER-ASP-GLN-ASP-SER,75,-2,6.666393050159321
674,SER-HIS-CYS-TYR-PRO,86,0,4.234313001065392
675,SER-MET-ASN-ALA-HIS,81,0,4.35694056357768
676,SER-MET-ILE-ARG-GLY,90,1,3.7575295224454344
677,SER-THR-ASN-ARG-GLU,90,0,4.326703501771812
678,SER-TYR-TYR-PRO-ASN,93,0,3.107588899123463
679,SIM,71,0,4.159729526234878
680,SLM,41,0,4.113609629837608
681,SUZ,42,0,2.073842899232113
682,SXU,79,0,5.618072350355053
683,SZS,48,0,2.526790530316632
684,T0K,76,0,4.672304984432089
685,T3B,73,0,4.601025751271259
686,T8Q,71,0,3.782173556103064
687,TAD,70,0,10.800358850137773
688,TB9,41,0,2.793581954200474
689,THR-ALA-ALA-VAL-PRO,76,0,2.7808174377632287
690,THR-ALA-ARG-GLU-CYS,86,0,4.276801914311363
691,THR-CYS-HIS-PHE-LEU,93,0,2.783587157313337
692,THR-GLY-CYS-GLU-THR,73,-1,6.120133962632341
693,THR-ILE-ASN-MET-CYS,87,0,5.628198741253841
694,THR-PHE-VAL-ASN-GLU,91,-1,8.834528911596378
695,THR-SER-CYS-MET-ARG,89,1,7.937396781737981
696,THR-TYR-ARG-PRO-GLU,100,0,10.709161341443865
697,THR-TYR-GLY-PRO-ASN,82,0,5.202088124353354
698,THR-TYR-PHE-ALA-CYS,88,0,6.070568605170087
699,TJ3,40,0,1.422869495277377
700,TJ7,47,0,3.4461637155281397
701,TKN,71,0,6.626066559322256
702,TL1,50,0,4.204531710039979
703,TO7,43,0,6.253822016056155
704,TQA,71,0,2.5115102799604454
705,TRP-ALA-ARG-ASP-HIS,99,0,2.933581360668177
706,TRP-GLN-ARG-LEU-THR,110,1,5.803704920769734
707,TRP-GLN-ARG-PHE-SER,108,1,9.765263189872753
708,TRP-GLY-TYR-LYS-PRO,100,1,9.456040568876132
709,TRP-LEU-HIS-HIS-GLN,106,0,6.231264909778029
710,TRP-MET-ASP-GLY-HIS,89,-1,6.197665211389701
711,TRP-TYR-GLY-ALA-TYR,95,0,4.649509822496555
712,TRP-VAL-PHE-GLY-ARG,103,1,9.294642513150595
713,TRP-VAL-PRO-LEU-ASN,99,0,5.1259822054701445
714,TUK,47,0,4.470990247939174
715,TVM,41,0,2.700549623780696
716,TX9,79,0,3.1923789936911717
717,TXK,75,0,4.479592994670222
718,TYD,41,0,7.0449904690378595
719,TYR-ASN-ILE-PHE-SER,97,0,4.9688083104212035
720,TYR-CYS-CYS-PHE-ASN,89,0,4.087574172659111
721,TYR-GLN-GLU-GLY-MET,89,-1,5.979434531573336
722,TYR-GLU-ASP-TRP-ASN,98,-2,12.784542148135046
723,TYR-GLU-GLY-VAL-VAL,87,-1,5.400246120189614
724,TYR-HIS-GLN-GLU-ASN,96,-1,8.149667305089922
725,TYR-LEU-CYS-THR-HIS,94,0,4.4231298505423995
726,TYR-MET-ARG-GLN-PRO,105,1,6.169947691792913
727,TYR-MET-GLN-ARG-ASP,103,0,7.004073291688433
728,TYR-SER-CYS-GLU-ASN,84,-1,4.357392142850505
729,TYR-SER-VAL-TYR-TRP,105,0,5.273738648763457
730,TYR-TYR-ASP-VAL-ARG,106,0,6.184781952797817
731,U5X,41,0,2.3049480331519994
732,U6V,72,0,4.118919624547238
733,UD8,73,0,2.7663737122678462
734,UGN,44,0,1.742831275033758
735,UHD,48,0,4.033187155228775
736,UIC,79,0,4.615658443090312
737,UJE,45,0,3.0320292206783455
738,UPB,79,0,12.838399720770798
739,UQO,76,0,5.026308078066278
740,UUB,72,0,3.63574708612141
741,UY0,73,0,5.614654516244627
742,UYS,41,0,91.67049577988745
743,V3D,79,0,23.452140410655314
744,V51,43,0,2.2222468489468965
745,VAL-ASN-THR-ASN-CYS,81,0,4.51104517672405
746,VAL-GLN-GLN-MET-PRO,93,0,4.365786485873589
747,VAL-HIS-GLN-TRP-GLN,103,0,6.447771645644712
748,VAL-ILE-GLN-TRP-ASN,102,0,5.049004800185826
749,VAL-ILE-THR-TYR-HIS,99,0,5.135593365778429
750,VAL-LYS-PRO-VAL-TRP,104,1,8.723309975988943
751,VAL-MET-GLN-HIS-VAL,95,0,3.3445710382456633
752,VAL-SER-TRP-HIS-TYR,101,0,4.9244295303294265
753,VAL-THR-LEU-VAL-TYR,98,0,3.759604768963699
754,VAL-TYR-TRP-PHE-CYS,104,0,4.11949075743307
755,VAW,74,0,5.419543764001961
756,VD2,76,0,6.570669524403234
757,VED,48,0,1.2301042159788065
758,VKM,46,0,1.4494270454601468
759,VOJ,47,0,3.8311194875310726
760,VSE,70,0,4.376694594867957
761,VZV,70,0,3.527398746340946
762,W2X,50,0,5.168029627149857
763,W79,49,0,1.6782866931405604
764,WKW,48,0,2.7000277339710412
765,WP0,50,0,2.046810217711916
766,WP6,44,0,2.0733700509109543
767,X23,73,0,3.0932059286421767
768,X3S,47,0,2.895631182658528
769,X5Y,77,0,5.128126004353625
770,X6K,42,0,1.317573094650773
771,X71,80,0,4.220020023563282
772,XDM,41,0,1.7682091634123935
773,XE7,49,0,4.355075353986467
774,XGL,40,0,2.4095654915828266
775,XIG,72,0,4.246791548664623
776,XMC,76,0,5.417257751379737
777,XMH,71,0,5.128461015389217
778,XQA,71,0,6.525195117468684
779,XRA,49,0,3.203762028155001
780,XS1,71,0,4.208990119031821
781,Y2P,71,0,5.014739148562916
782,Y4V,78,0,7.039436580824582
783,Y5G,73,0,4.039153635670098
784,Y8V,75,0,5.106850199326274
785,YK8,78,0,3.7574341604564525
786,YL2,45,0,7.476184735973139
787,YLY,75,0,6.883447520014225
788,YOH,77,0,4.764795973874263
789,YR4,78,0,4.375101191847029
790,YWI,70,0,7.78070150519836
791,Z23,48,2,20.492977504154016
792,ZC0,44,0,2.839754756185559
793,ZD1,46,0,3.5153257012463452
794,ZDM,72,0,6.767109740311167
795,ZMM,42,0,1.1597382771181906
796,ZP1,70,0,9.866165670290826
797,ZQU,70,0,4.835754194612269
798,ZY0,79,0,4.2842412712256195
